image: navigation.pgm
resolution: 0.05
origin: [-2.85815169334, -2.72403180122, 0.000000]
negate: 0
occupied_thresh: 0.65
free_thresh: 0.196
